_C_3582_5e73c0e2_d 84 0 20 0 0 deaddead 
_C_3582_5e73c0e2_b 94 0 40 0 0 0 0 0 
_C_3582_5e73c0e2_3 8c 0 b0 0 0 25303868 0 676f7420 0 30386820 0 65642025 0 70656374 0 4578 
_C_3582_5e73c0e2_a 94 0 48 0 0 0 0 0 0 0 
_C_3582_5e73c0e2_6 8c 0 148 0 0 a0a0a0a 0 6573740a 0 68652074 0 65642074 0 70617373 0 796f7520 0 64652c20 0 20707269 0 57697468 0 a0a0a0a 0 a 
_C_3582_5e73c0e2_12 cc 0 128 1 0 63746564 0 65787065 0 756c7420 0 20726573 0 64206e6f 0 7420616e 0 64206f75 0 75736865 0 6f752070 0 59 
_C_3582_5e73c0e2_2 8c 0 58 0 0 65202574 0 2074696d 0 206174 
_C_3582_5e73c0e2_15 84 0 14 0 0 fffff 
_C_3582_5e73c0e2_11 cc 0 98 1 0 20726573 0 65206f6e 0 2074696d 0 686f6c64 0 4e6f20 
_C_3582_5e73c0e2_10 cc 0 b8 1 0 686f7574 0 20707573 0 65206f6e 0 2074696d 0 686f6c64 0 4e6f20 
_C_3582_5e73c0e2_18 94 0 500 0 0 0 0 0 0 0 0 0 0 0 0 0 0 0 0 0 0 0 0 0 0 0 0 0 0 0 0 0 0 0 0 0 0 0 0 0 0 0 0 0 0 0 0 0 0 0 0 0 0 0 0 0 0 0 0 0 0 0 0 0 0 0 0 0 0 0 0 0 0 0 0 0 0 0 0 0 0 0 0 0 
_C_3582_5e73c0e2_e 84 0 20 0 0 b0b11111 
_C_3582_5e73c0e2_14 cc 0 88 1 0 6f636b73 0 6620636c 0 7574206f 0 616e206f 0 52 
_C_3582_5e73c0e2_17 94 0 280 0 0 0 0 0 0 0 0 0 0 0 0 0 0 0 0 0 0 0 0 0 0 0 0 0 0 0 0 0 0 0 0 0 0 0 0 0 0 0 0 0 
_C_3582_5e73c0e2_f cc 0 b0 1 0 20277827 0 20686173 0 20726573 0 74206f72 0 73686f75 0 7075 
_C_3582_5e73c0e2_13 84 0 20 0 0 0 
_C_3582_5e73c0e2_9 84 0 20 0 0 1 
_C_3582_5e73c0e2_4 94 0 20 0 0 13 
_C_3582_5e73c0e2_7 8c 0 30 0 0 2e766364 0 6d66 
_C_3582_5e73c0e2_8 84 0 20 0 0 9 
_C_3582_5e73c0e2_16 cc 0 150 1 0 206f7574 0 73686564 0 61207075 0 20646174 0 20616c6c 0 206e6f74 0 20616e64 0 65746564 0 6f6d706c 0 73742063 0 5465 
_C_3582_5e73c0e2_c 94 0 20 0 0 0 
_C_3582_5e73c0e2_1 8c 0 100 0 0 720a2573 0 4572726f 0 2d2d2d20 0 726f7220 0 2d204572 0 72202d2d 0 4572726f 0 a0a0a0a 
_C_3582_5e73c0e2_5 94 0 20 0 0 a 
